0.062464  ,0.0063938 ,0.0062009 ,0.0061458 ,0.074342  ,0.78655,0.032575  ,0.005443  ,0.0056635 ,0.014221
0.060554  ,0.0063611 ,0.0036667 ,0.0053771 ,0.040053  ,0.82804,0.0291    ,0.0046156 ,0.0066774 ,0.015557
0.055074  ,0.0056497 ,0.0032697 ,0.003848  ,0.035233  ,0.83441,0.033509  ,0.0051159 ,0.0061168 ,0.017772
0.062845  ,0.0066166 ,0.0040942 ,0.0053237 ,0.040321  ,0.82666,0.027582  ,0.005197  ,0.006173  ,0.015185
0.063284  ,0.0071138 ,0.0038643 ,0.0056083 ,0.033988  ,0.83889,0.022558  ,0.0041654 ,0.0066747 ,0.013851
0.049005  ,0.007849  ,0.0046242 ,0.004539  ,0.027843  ,0.85164,0.026687  ,0.0055734 ,0.0054517 ,0.016793
0.058581  ,0.011243  ,0.0069782 ,0.0087962 ,0.018977  ,0.82945,0.031675  ,0.0066146 ,0.0060972 ,0.021592
0.058128  ,0.011981  ,0.0060401 ,0.0077492 ,0.026201  ,0.82137,0.032889  ,0.0058742 ,0.0060401 ,0.023729
0.058892  ,0.0079353 ,0.0037709 ,0.0040988 ,0.012969  ,0.83503,0.035906  ,0.0076894 ,0.0060827 ,0.027626
0.061972  ,0.0073807 ,0.0026299 ,0.0026087 ,0.014464  ,0.81945,0.03281   ,0.0085048 ,0.0099046 ,0.040276
0.042281  ,0.0047651 ,0.002704  ,0.0025906 ,0.0082256 ,0.8519 ,0.034831  ,0.0096437 ,0.011743  ,0.031314
0.032797  ,0.0064769 ,0.0026733 ,0.0053901 ,0.011258  ,0.84784,0.042165  ,0.011976  ,0.010759  ,0.028668
0.022211  ,0.0056798 ,0.0029615 ,0.0030057 ,0.016885  ,0.84901,0.047892  ,0.013371  ,0.013327  ,0.025659
0.015019  ,0.0036213 ,0.0019964 ,0.0033196 ,0.015135  ,0.84679,0.063327  ,0.015669  ,0.012443  ,0.02268
0.013677  ,0.007923  ,0.0050305 ,0.0038986 ,0.01528   ,0.88273,0.036503  ,0.012859  ,0.005848  ,0.016255
0.0057319 ,0.0034979 ,0.0019106 ,0.0031452 ,0.022487  ,0.88801,0.051587  ,0.0087008 ,0.005438  ,0.0094944
0.047132  ,0.036147  ,0.069535  ,0.11071   ,0.24746   ,0.46786,0.013474  ,0.0028139 ,0.0037879 ,0.0010823
0.070539  ,0.013623  ,0.037149  ,0.075916  ,0.20357   ,0.51742,0.025467  ,0.0028297 ,0.006104  ,0.047377
0.077392  ,0.02094   ,0.051834  ,0.090351  ,0.20577   ,0.46287,0.03614   ,0.006681  ,0.011882  ,0.03614
0.10857   ,0.020518  ,0.019811  ,0.021048  ,0.14908   ,0.47502,0.12462   ,0.018019  ,0.017161  ,0.046159
0.13621   ,0.043432  ,0.019816  ,0.017034  ,0.094697  ,0.51789,0.095485  ,0.020604  ,0.016409  ,0.038426
0.13119   ,0.048287  ,0.027282  ,0.015445  ,0.12176   ,0.47337,0.091771  ,0.017976  ,0.019251  ,0.053668
0.15664   ,0.044534  ,0.014594  ,0.022307  ,0.11371   ,0.4549 ,0.092457  ,0.022389  ,0.020623  ,0.057849
0.1282    ,0.034583  ,0.01443   ,0.01576   ,0.087911  ,0.55381,0.07311   ,0.015466  ,0.017539  ,0.05919
0.14863   ,0.043111  ,0.014967  ,0.011468  ,0.093627  ,0.49416,0.078488  ,0.019265  ,0.019877  ,0.076402
0.13542   ,0.025185  ,0.01653   ,0.0098129 ,0.064962  ,0.54512,0.084493  ,0.01832   ,0.019747  ,0.080415
0.1341    ,0.034681  ,0.010251  ,0.012222  ,0.065506  ,0.55048,0.07855   ,0.01683   ,0.016107  ,0.081273
0.12705   ,0.021448  ,0.0079738 ,0.0089909 ,0.066766  ,0.55673,0.087021  ,0.018233  ,0.018559  ,0.087222
0.13001   ,0.017974  ,0.01225   ,0.011026  ,0.077197  ,0.57309,0.074934  ,0.013289  ,0.016145  ,0.074079
0.14754   ,0.015082  ,0.011692  ,0.011043  ,0.060964  ,0.54285,0.078218  ,0.018287  ,0.023199  ,0.091128
0.12504   ,0.021128  ,0.012819  ,0.014992  ,0.0744    ,0.54763,0.074641  ,0.016453  ,0.020061  ,0.092834
0.14297   ,0.019359  ,0.012327  ,0.011633  ,0.05463   ,0.53647,0.072476  ,0.021095  ,0.027594  ,0.10145
0.1388    ,0.021543  ,0.0056752 ,0.0081819 ,0.056268  ,0.54246,0.078256  ,0.022802  ,0.026531  ,0.099481
0.16176   ,0.022436  ,0.010395  ,0.009042  ,0.046915  ,0.54503,0.075262  ,0.018202  ,0.023333  ,0.087626
0.16033   ,0.019987  ,0.0069876 ,0.0084706 ,0.036301  ,0.53874,0.087833  ,0.025719  ,0.032346  ,0.08329
0.14721   ,0.018661  ,0.0095377 ,0.0080395 ,0.030453  ,0.57366,0.082794  ,0.024082  ,0.029137  ,0.076424
0.15093   ,0.016302  ,0.0075883 ,0.005488  ,0.034191  ,0.56126,0.093722  ,0.026553  ,0.02729   ,0.076683
0.091935  ,0.015959  ,0.0071477 ,0.0054839 ,0.027504  ,0.66806,0.084686  ,0.02691   ,0.02657   ,0.045739
0.07697   ,0.01596   ,0.0067236 ,0.0060218 ,0.028275  ,0.69667,0.07088   ,0.026668  ,0.027098  ,0.044733
0.095439  ,0.015597  ,0.0047485 ,0.0074887 ,0.02607   ,0.6558 ,0.080049  ,0.033446  ,0.032057  ,0.049306
0.068594  ,0.0088337 ,0.0048239 ,0.0046611 ,0.022186  ,0.74203,0.06554   ,0.021738  ,0.024751  ,0.036841
0.14102   ,0.023173  ,0.0064522 ,0.0066567 ,0.041235  ,0.6098 ,0.068952  ,0.01863   ,0.021333  ,0.06275
0.1041    ,0.013401  ,0.003605  ,0.0056165 ,0.024713  ,0.62662,0.092215  ,0.023615  ,0.029624  ,0.076489
0.078235  ,0.008204  ,0.0076604 ,0.012207  ,0.023945  ,0.65373,0.0876    ,0.026984  ,0.034892  ,0.066546
0.072088  ,0.014228  ,0.0041882 ,0.0047332 ,0.019421  ,0.63993,0.106     ,0.029834  ,0.035399  ,0.074182
0.078047  ,0.012213  ,0.0057382 ,0.0060484 ,0.019308  ,0.71336,0.07355   ,0.025861  ,0.023069  ,0.042804
0.00020032,0.0047075 ,0.088542  ,0.053486  ,0.16977   ,0.68319,0.00010016,0         ,0         ,0
0.014051  ,0.0051095 ,0.049635  ,0.024392  ,0.1781    ,0.72628,0.0017032 ,0         ,0         ,0.00072993
0.01909   ,0.0023021 ,0.053453  ,0.041718  ,0.2329    ,0.64469,0.003032  ,0         ,0         ,0.0028074
0.015152  ,0.0058472 ,0.048271  ,0.057448  ,0.19078   ,0.67311,0.0043961 ,0.00068289,0.0004268 ,0.0038839
0.0022624 ,0.004483  ,0.069968  ,0.055011  ,0.23173   ,0.63503,0.0013407 ,0         ,0.00016759,0
0.01713   ,0.0061681 ,0.048675  ,0.055653  ,0.21595   ,0.65004,0.0055336 ,3.5246e-05,0         ,0.00081066
0.03677   ,0.009316  ,0.042136  ,0.053624  ,0.21835   ,0.63882,0.00085588,0         ,0         ,0.00013167
0.037514  ,0.0061856 ,0.036397  ,0.041609  ,0.19897   ,0.67497,0.0037514 ,0.00060137,0         ,0
0.066266  ,0.0025906 ,0.036092  ,0.046778  ,0.1953    ,0.64279,0.002149  ,0.00017663,0.00041214,0.007448
0.044354  ,0.0070097 ,0.0233    ,0.036999  ,0.19294   ,0.67886,0.0056769 ,0.00091324,0.00022214,0.0097248
0.042062  ,0.0042981 ,0.036398  ,0.042832  ,0.22502   ,0.63913,0.0030311 ,0.00032298,0.00037267,0.0065342
0.029017  ,0.0048052 ,0.031455  ,0.037862  ,0.20396   ,0.6663 ,0.0090998 ,0.0013696 ,0.0068016 ,0.0093319
0.052653  ,0.00868   ,0.032237  ,0.031303  ,0.18028   ,0.66613,0.016002  ,0.0021647 ,0.0018676 ,0.00868
0.046014  ,0.00594   ,0.024418  ,0.032776  ,0.19392   ,0.66935,0.011031  ,0.0025033 ,0.003267  ,0.010777
0.064043  ,0.007234  ,0.032979  ,0.031044  ,0.14936   ,0.6894 ,0.013598  ,0.0020309 ,0.0013926 ,0.0089168
0.057523  ,0.0070428 ,0.029555  ,0.029861  ,0.17994   ,0.6653 ,0.012193  ,0.0025647 ,0.0020355 ,0.013984
0.053344  ,0.0048143 ,0.020294  ,0.030959  ,0.15952   ,0.70454,0.010138  ,0.0020206 ,0.0018976 ,0.012475
0.05942   ,0.0084008 ,0.025799  ,0.033224  ,0.14793   ,0.68821,0.017651  ,0.0027822 ,0.0040107 ,0.012574
0.048376  ,0.0099195 ,0.029544  ,0.034611  ,0.1465    ,0.69477,0.014623  ,0.0031029 ,0.004902  ,0.01365
0.061576  ,0.0099081 ,0.023357  ,0.032171  ,0.1154    ,0.72107,0.013722  ,0.0029633 ,0.0049996 ,0.014832
0.042399  ,0.012203  ,0.02149   ,0.025884  ,0.12236   ,0.73893,0.013474  ,0.0028054 ,0.0043394 ,0.016114
0.045923  ,0.0081049 ,0.020291  ,0.026577  ,0.13307   ,0.72911,0.014678  ,0.0037088 ,0.0037661 ,0.014764
0.041187  ,0.014272  ,0.024086  ,0.026791  ,0.11954   ,0.73716,0.015155  ,0.0040304 ,0.0036301 ,0.014148
0.051909  ,0.014454  ,0.018636  ,0.018884  ,0.10522   ,0.75101,0.017904  ,0.0033718 ,0.004744  ,0.013866
0.060502  ,0.02289   ,0.012499  ,0.019773  ,0.10589   ,0.73119,0.022183  ,0.0054267 ,0.005571  ,0.014072
0.058288  ,0.012278  ,0.012041  ,0.016367  ,0.088628  ,0.77066,0.018935  ,0.0035651 ,0.0050484 ,0.014185
0.042807  ,0.016807  ,0.017692  ,0.018337  ,0.090343  ,0.76562,0.025634  ,0.0038065 ,0.0061713 ,0.012785
0.050546  ,0.017916  ,0.015169  ,0.015732  ,0.094084  ,0.76011,0.026399  ,0.0034841 ,0.0043283 ,0.012235
0.059769  ,0.021299  ,0.015823  ,0.015933  ,0.083255  ,0.7563 ,0.030669  ,0.0038112 ,0.0033572 ,0.0097826
0.051525  ,0.021625  ,0.013001  ,0.013545  ,0.087784  ,0.77291,0.025316  ,0.0031726 ,0.0026028 ,0.0085207
0.05681   ,0.02408   ,0.013022  ,0.013291  ,0.084481  ,0.7626 ,0.028896  ,0.0036322 ,0.0026367 ,0.010547
0.052124  ,0.015257  ,0.012246  ,0.010818  ,0.086146  ,0.77641,0.028396  ,0.0041715 ,0.0040439 ,0.010384
0.036373  ,0.014992  ,0.0087827 ,0.01224   ,0.086048  ,0.7973 ,0.03032   ,0.0031327 ,0.0025173 ,0.0082904
0.0507    ,0.019552  ,0.0096972 ,0.013432  ,0.084562  ,0.77124,0.032302  ,0.0039968 ,0.0037085 ,0.010811
0.058189  ,0.012285  ,0.012919  ,0.01527   ,0.096827  ,0.76373,0.02815   ,0.0028665 ,0.001572  ,0.00819
0.039423  ,0.012771  ,0.0061391 ,0.012919  ,0.10191   ,0.79225,0.022362  ,0.0022806 ,0.0024655 ,0.0074827
0.029316  ,0.0065758 ,0.0068622 ,0.012464  ,0.11093   ,0.79541,0.024699  ,0.002211  ,0.0028182 ,0.0087181
0.034602  ,0.010562  ,0.0062493 ,0.010838  ,0.098121  ,0.8014 ,0.028133  ,0.0029517 ,0.0015796 ,0.005569
0.025503  ,0.01119   ,0.0096381 ,0.010839  ,0.095562  ,0.80468,0.027883  ,0.0027203 ,0.0018809 ,0.010106
0.039855  ,0.0084632 ,0.0076043 ,0.012161  ,0.072765  ,0.8158 ,0.031716  ,0.0018016 ,0.0023777 ,0.0074577
0.033292  ,0.010678  ,0.0071699 ,0.010066  ,0.080333  ,0.80882,0.033401  ,0.0026013 ,0.0026231 ,0.011017
0.040662  ,0.011038  ,0.0073724 ,0.0075484 ,0.065544  ,0.82247,0.031716  ,0.003127  ,0.0022158 ,0.0083043
0.032953  ,0.0094789 ,0.010515  ,0.011033  ,0.075914  ,0.81308,0.033078  ,0.0031596 ,0.0020926 ,0.0086916
0.044798  ,0.011319  ,0.011039  ,0.010632  ,0.076041  ,0.78379,0.043214  ,0.0034352 ,0.0025502 ,0.013182
0.035804  ,0.01272   ,0.010602  ,0.010554  ,0.089196  ,0.77878,0.044384  ,0.0026178 ,0.0027606 ,0.012577
0.046019  ,0.014229  ,0.0096548 ,0.010588  ,0.093217  ,0.75394,0.050762  ,0.004471  ,0.0032269 ,0.013892
0.041338  ,0.015857  ,0.01092   ,0.010731  ,0.094011  ,0.74879,0.057485  ,0.0040557 ,0.0026828 ,0.014132
0.052783  ,0.015058  ,0.0076368 ,0.014302  ,0.094057  ,0.71949,0.069756  ,0.0049787 ,0.0048978 ,0.017041
0.046748  ,0.010013  ,0.011426  ,0.011438  ,0.087783  ,0.74438,0.065336  ,0.0046238 ,0.0031521 ,0.0151
0.035806  ,0.006865  ,0.012613  ,0.010181  ,0.092915  ,0.76699,0.052709  ,0.0041124 ,0.0033938 ,0.014415
0.033333  ,0.0039547 ,0.0061092 ,0.010246  ,0.084399  ,0.80381,0.040323  ,0.0036387 ,0.003677  ,0.010504
0.050513  ,0.0034045 ,0.0047098 ,0.0090715 ,0.073834  ,0.78695,0.051579  ,0.0039375 ,0.0034916 ,0.012509
0.039343  ,0.006044  ,0.0040064 ,0.0073146 ,0.088175  ,0.79823,0.039766  ,0.0037431 ,0.0028159 ,0.010565
0.036026  ,0.0048914 ,0.0022732 ,0.005551  ,0.071961  ,0.83417,0.027187  ,0.0037244 ,0.0026994 ,0.011518
0.03831   ,0.0059369 ,0.0032373 ,0.0044444 ,0.07493   ,0.81724,0.035435  ,0.0028642 ,0.0033032 ,0.014299
0.050987  ,0.0043318 ,0.0049688 ,0.0076315 ,0.077309  ,0.80594,0.024385  ,0.0041279 ,0.0044209 ,0.0159
0.054474  ,0.0049274 ,0.0031509 ,0.0078838 ,0.077503  ,0.80682,0.020539  ,0.0052645 ,0.005861  ,0.013576
0.13006   ,0.00018198,0         ,0.00012132,0.00018198,0.47182,0.105     ,0.041128  ,0.050409  ,0.20109
0.16326   ,0         ,0         ,0         ,0         ,0.4471 ,0.12376   ,0.038288  ,0.04389   ,0.1837
0.22249   ,0         ,0         ,0         ,0         ,0.37146,0.11758   ,0.040033  ,0.049973  ,0.19846
0.2371    ,0         ,0         ,0         ,0         ,0.36718,0.11626   ,0.036135  ,0.049882  ,0.19344
0.20744   ,0.00016635,0         ,5.5451e-05,5.5451e-05,0.3896 ,0.13375   ,0.0351    ,0.039647  ,0.19419
0.19116   ,0         ,0         ,0         ,0         ,0.43975,0.1312    ,0.030518  ,0.035107  ,0.17227
0.16084   ,0         ,0         ,0         ,0         ,0.46516,0.13342   ,0.035648  ,0.03883   ,0.1661
0.15558   ,0         ,0         ,0         ,0         ,0.47797,0.12783   ,0.033369  ,0.03906   ,0.16619
0.1141    ,0         ,0         ,0         ,0         ,0.5744 ,0.099709  ,0.029092  ,0.033619  ,0.14907
0.10657   ,0         ,0         ,0         ,0         ,0.59212,0.095737  ,0.031122  ,0.033397  ,0.14106
0.11031   ,0         ,0         ,0         ,0         ,0.56827,0.097449  ,0.036905  ,0.041837  ,0.14524
0.1004    ,5.7143e-05,0         ,0         ,0         ,0.63654,0.084543  ,0.0314    ,0.033457  ,0.1136
0.12866   ,3.235e-05 ,0         ,0         ,0         ,0.57893,0.10426   ,0.033385  ,0.039014  ,0.11572
0.13894   ,6.6622e-05,0         ,0         ,0         ,0.57085,0.10313   ,0.034477  ,0.034544  ,0.11799
0.13755   ,0.00083234,0         ,0         ,0         ,0.53071,0.11175   ,0.03883   ,0.036768  ,0.14356
0.13948   ,0         ,0         ,0         ,0         ,0.44042,0.11766   ,0.048035  ,0.056804  ,0.1976
0.095943  ,0.00012983,0         ,0         ,0         ,0.5345 ,0.12314   ,0.04372   ,0.045018  ,0.15755
0.091709  ,0.00020962,0         ,0         ,0         ,0.48831,0.13035   ,0.050903  ,0.05237   ,0.18614
0.079766  ,0.00017176,0.00013741,0.00010306,0.00024047,0.48382,0.14459   ,0.046891  ,0.054414  ,0.18987
0.077105  ,0.0045783 ,0.0022734 ,0.0029364 ,0.0052098 ,0.49427,0.1503    ,0.048467  ,0.045499  ,0.16937
0.07913   ,0.0048292 ,0.00044189,3.1564e-05,0.0063759 ,0.48646,0.14765   ,0.050628  ,0.045862  ,0.17859
0.082282  ,0.0035775 ,0.0020084 ,0.0012239 ,0.004362  ,0.46413,0.16246   ,0.047511  ,0.045848  ,0.18659
0.056174  ,0.0008711 ,0.00019911,0.0006471 ,0.0035342 ,0.53177,0.14883   ,0.038179  ,0.039125  ,0.18067
0.065312  ,0.0010403 ,0.00039361,0.00039361,0.0046109 ,0.46311,0.15351   ,0.046278  ,0.046193  ,0.21916
0.062777  ,0.00019877,0.00019877,0.00043066,0.0022858 ,0.40684,0.16249   ,0.055986  ,0.056682  ,0.2521
0.076643  ,0.00020205,3.3675e-05,0.00023572,0.0046471 ,0.41524,0.14904   ,0.055058  ,0.058526  ,0.24037
0.061347  ,0.00018386,0.00015321,0.00049029,0.0024821 ,0.49736,0.12334   ,0.049979  ,0.054667  ,0.21
0.046104  ,0.00027848,0.00018566,0.00015471,0.0041463 ,0.4836 ,0.12677   ,0.052324  ,0.05384   ,0.23259
0.048713  ,0.0005869 ,0.00040016,0.0013605 ,0.0026944 ,0.51402,0.13141   ,0.051114  ,0.051701  ,0.198
0.054507  ,8.6565e-05,5.771e-05 ,2.8855e-05,0.0030298 ,0.51795,0.12927   ,0.046947  ,0.057854  ,0.19027
0.04995   ,0.00041464,0.00027643,0.0010228 ,0.0036212 ,0.52419,0.13163   ,0.048126  ,0.064186  ,0.17658
0.044844  ,0.00019595,2.7992e-05,8.3977e-05,0.0018755 ,0.52251,0.14699   ,0.05285   ,0.060492  ,0.17014
0.044464  ,0.00034965,0.0002331 ,0.0009324 ,0.0065559 ,0.51267,0.14003   ,0.049971  ,0.065064  ,0.17972
0.046774  ,0.00011123,0.00044494,0.0011123 ,0.0042547 ,0.52923,0.13429   ,0.044883  ,0.05926   ,0.17964
0.046458  ,0.00034315,0.00039595,0.00042234,0.0027716 ,0.56388,0.13264   ,0.041891  ,0.056092  ,0.15511
0.047117  ,0         ,0         ,0         ,0.0038662 ,0.54752,0.13451   ,0.044475  ,0.060357  ,0.16216
0.040731  ,8.4388e-05,2.8129e-05,0.00022504,0.0030098 ,0.55561,0.13001   ,0.043938  ,0.051702  ,0.17466
0.0551    ,0.00035073,7.0146e-05,0         ,0.0010522 ,0.47412,0.15681   ,0.054959  ,0.059834  ,0.19771
0.051444  ,0.00027708,0.0002155 ,6.1573e-05,0.0023398 ,0.52198,0.1539    ,0.050182  ,0.045902  ,0.1737
0.056483  ,0.00012531,9.3982e-05,0         ,0.001535  ,0.53457,0.14379   ,0.052505  ,0.045393  ,0.1655
0.05738   ,0.00060934,0.00044008,0.00033852,0.0025728 ,0.51093,0.15027   ,0.061476  ,0.059885  ,0.15609
0.064851  ,0.00080187,0.00010023,3.3411e-05,0.0020047 ,0.49709,0.15941   ,0.05867   ,0.073371  ,0.14367
0.06029   ,0.0023429 ,0.0011871 ,0.0010621 ,0.0028427 ,0.5273 ,0.17562   ,0.056073  ,0.061571  ,0.11171
0.080137  ,0.0012384 ,0.00019974,0.0001598 ,0.00023969,0.44036,0.19515   ,0.068033  ,0.080537  ,0.13395
0.062983  ,0.0013372 ,0.00066861,0.00073547,0.0016047 ,0.53305,0.16852   ,0.048641  ,0.049677  ,0.13279
0.074762  ,7.7393e-05,0         ,0         ,0.00069654,0.48232,0.17015   ,0.058471  ,0.050925  ,0.1626
0.064502  ,7.3131e-05,3.6566e-05,3.6566e-05,0.0001097 ,0.52512,0.17413   ,0.050534  ,0.044501  ,0.14096
0.065625  ,0         ,3.8e-05   ,0         ,7.5999e-05,0.5285 ,0.16773   ,0.048526  ,0.038152  ,0.15135
0.063264  ,4.1134e-05,0         ,0         ,4.1134e-05,0.51285,0.15804   ,0.041257  ,0.048085  ,0.17642
0.069216  ,0         ,0         ,0         ,4.4887e-05,0.50323,0.15271   ,0.045157  ,0.041296  ,0.18835
0.08912   ,0.00010522,5.2609e-05,0         ,0.00036827,0.44355,0.1775    ,0.047138  ,0.047822  ,0.19434
0.078463  ,0.00014231,4.7438e-05,0         ,0.00018975,0.50707,0.15294   ,0.042505  ,0.044497  ,0.17415
0.067123  ,0         ,0         ,0         ,5.0659e-05,0.50193,0.1734    ,0.052229  ,0.053343  ,0.15193
0.056144  ,0         ,0         ,0         ,0.00014999,0.55179,0.14754   ,0.041796  ,0.043546  ,0.15903
0.077678  ,0         ,0         ,0         ,0.00024997,0.49738,0.15436   ,0.044744  ,0.046119  ,0.17948
0.10446   ,7.9014e-05,0         ,0         ,7.9014e-05,0.37571,0.16696   ,0.066214  ,0.066214  ,0.22029
0.061567  ,0.00016595,0         ,0.00016595,0.00038721,0.55714,0.13724   ,0.041763  ,0.046078  ,0.15549
0.03393   ,0         ,0         ,0         ,3.0733e-05,0.73363,0.096841  ,0.024494  ,0.025109  ,0.085961
0.052209  ,0         ,0         ,0         ,0.00013691,0.62815,0.13093   ,0.030759  ,0.034912  ,0.1229
0.059123  ,0         ,0         ,0         ,0         ,0.57678,0.14621   ,0.03642   ,0.041045  ,0.14042
0.05341   ,4.5533e-05,0         ,0         ,0.0001366 ,0.65276,0.11934   ,0.028003  ,0.029642  ,0.11666
0.041267  ,0.00078802,4.1475e-05,0         ,0.00058065,0.68371,0.11078   ,0.023848  ,0.024221  ,0.11476
0.05046   ,0         ,0         ,0         ,0.00033704,0.62078,0.14189   ,0.033704  ,0.031441  ,0.12138
0.060747  ,6.0325e-05,0         ,0         ,6.0325e-05,0.53417,0.17005   ,0.042227  ,0.035772  ,0.1569
0.054118  ,0         ,0         ,0         ,0         ,0.59185,0.15784   ,0.031193  ,0.031396  ,0.1336
0.030588  ,0         ,0         ,0         ,0         ,0.66863,0.14092   ,0.029038  ,0.026505  ,0.10432
0.040028  ,0         ,0         ,0         ,0         ,0.63091,0.15887   ,0.03346   ,0.028833  ,0.1079
0.034839  ,0         ,0         ,0         ,0         ,0.68942,0.12586   ,0.030549  ,0.026748  ,0.092589
0.034132  ,0         ,0         ,0         ,0         ,0.69149,0.12063   ,0.032878  ,0.024506  ,0.096363
0.036384  ,0.00010639,3.5462e-05,3.5462e-05,3.5462e-05,0.67921,0.12153   ,0.02954   ,0.028689  ,0.10444
0.047196  ,0         ,0         ,0         ,3.5221e-05,0.69185,0.11042   ,0.026169  ,0.025711  ,0.098619
0.066316  ,8.7662e-05,4.3831e-05,0         ,0.00030682,0.61714,0.1343    ,0.031602  ,0.030112  ,0.1201
0.074146  ,0.00041585,0         ,0         ,0.00016634,0.63043,0.13207   ,0.029983  ,0.030108  ,0.10267
0.068141  ,0.01012   ,0.0041229 ,0.0019115 ,0.0032609 ,0.6503 ,0.11031   ,0.027549  ,0.025262  ,0.099025
0.099459  ,0.0051802 ,0.00076577,0.00045045,0.00054054,0.58018,0.13216   ,0.030856  ,0.032207  ,0.1182
0.071941  ,0.0175    ,0.0072941 ,0.0021471 ,0.0023235 ,0.69559,0.083029  ,0.019529  ,0.020706  ,0.079941
0.072795  ,0.011112  ,0.012616  ,0.0039855 ,0.0032729 ,0.7071 ,0.086705  ,0.018001  ,0.015441  ,0.068968
0.077922  ,0.014275  ,0.0087611 ,0.0048444 ,0.0033756 ,0.70864,0.086864  ,0.015358  ,0.014198  ,0.06576
0.0776    ,0.014458  ,0.011101  ,0.0067134 ,0.011524  ,0.69304,0.086745  ,0.016783  ,0.013506  ,0.068534
0.087881  ,0.00050779,6.7705e-05,0.00016926,0.0018957 ,0.6738 ,0.11202   ,0.018856  ,0.017874  ,0.086933
0.072516  ,0.0044049 ,0.00863   ,0.003416  ,0.0041951 ,0.68258,0.1038    ,0.019807  ,0.01711   ,0.083543
0.081587  ,0.0024014 ,0.011134  ,0.013754  ,0.0094187 ,0.63489,0.10894   ,0.0315    ,0.021925  ,0.084456
0.067738  ,0.00023511,0.018051  ,0.016536  ,0.0279    ,0.64545,0.098851  ,0.029101  ,0.024739  ,0.071395
0.087751  ,0.0031772 ,0.009229  ,0.0068991 ,0.013889  ,0.59308,0.12936   ,0.034526  ,0.031863  ,0.090232
0.092714  ,0.0035335 ,0.014978  ,0.019231  ,0.036585  ,0.52824,0.13421   ,0.03546   ,0.031832  ,0.10322
0.087889  ,0.0027524 ,0.011197  ,0.011704  ,0.028058  ,0.59834,0.12324   ,0.034231  ,0.026776  ,0.075811
0.070411  ,0.0012529 ,0.014372  ,0.015379  ,0.030218  ,0.61181,0.11785   ,0.032159  ,0.026066  ,0.080483
0.070472  ,0.00091726,0.0094871 ,0.01824   ,0.028881  ,0.56973,0.14427   ,0.035826  ,0.026732  ,0.095448
0.076763  ,0.0044001 ,0.0059067 ,0.018198  ,0.036755  ,0.58479,0.12557   ,0.032164  ,0.025946  ,0.089509
0.076611  ,0.004521  ,0.0030065 ,0.011269  ,0.028729  ,0.62362,0.11331   ,0.029887  ,0.025968  ,0.08307
0.081208  ,0.0053522 ,0.0028853 ,0.0070922 ,0.043566  ,0.60687,0.11533   ,0.026431  ,0.020638  ,0.090635
0.081405  ,0.0059112 ,0.0044418 ,0.0063165 ,0.035062  ,0.67419,0.089444  ,0.018612  ,0.017345  ,0.067269
0.07841   ,0.0064188 ,0.0021642 ,0.0045639 ,0.060611  ,0.67345,0.081134  ,0.018579  ,0.015326  ,0.059345
0.089254  ,0.010009  ,0.0046306 ,0.0077176 ,0.062935  ,0.63778,0.088204  ,0.018586  ,0.017631  ,0.063253
0.091211  ,0.012423  ,0.0056734 ,0.0052661 ,0.05074   ,0.6639 ,0.083952  ,0.016249  ,0.015493  ,0.05509
0.10667   ,0.0080983 ,0.0073497 ,0.011202  ,0.056035  ,0.64454,0.080452  ,0.018755  ,0.016387  ,0.050509
0.093869  ,0.0086572 ,0.0085033 ,0.010055  ,0.0744    ,0.63798,0.080903  ,0.01861   ,0.016712  ,0.050314
0.11115   ,0.01217   ,0.0053022 ,0.011099  ,0.06103   ,0.61021,0.095893  ,0.019162  ,0.018915  ,0.055069
0.10372   ,0.013223  ,0.0069354 ,0.0095396 ,0.054728  ,0.61673,0.095288  ,0.021899  ,0.018135  ,0.059801
0.11378   ,0.024032  ,0.0073967 ,0.006159  ,0.041846  ,0.59795,0.1012    ,0.020113  ,0.021041  ,0.066482
0.11868   ,0.021143  ,0.010722  ,0.0058045 ,0.033293  ,0.58835,0.10477   ,0.023053  ,0.020105  ,0.07409
0.12731   ,0.026011  ,0.009311  ,0.0040521 ,0.035009  ,0.57585,0.093899  ,0.023568  ,0.022823  ,0.08216
0.12085   ,0.024001  ,0.0081721 ,0.0040503 ,0.040302  ,0.57977,0.097364  ,0.022441  ,0.021396  ,0.081649
0.12266   ,0.037172  ,0.0078943 ,0.0046154 ,0.022191  ,0.55588,0.10542   ,0.026807  ,0.025392  ,0.091966
0.12581   ,0.039809  ,0.0066702 ,0.0032441 ,0.026469  ,0.54397,0.10821   ,0.026105  ,0.026302  ,0.093413
0.12634   ,0.028193  ,0.012872  ,0.006888  ,0.026007  ,0.50477,0.12612   ,0.03107   ,0.029689  ,0.10806
0.12077   ,0.029944  ,0.0056737 ,0.0064126 ,0.02756   ,0.53256,0.11796   ,0.028564  ,0.027616  ,0.10294
0.11275   ,0.023831  ,0.0038031 ,0.0042682 ,0.027169  ,0.56419,0.11091   ,0.025787  ,0.025637  ,0.10166
0.12362   ,0.023584  ,0.0060588 ,0.0057982 ,0.038894  ,0.50814,0.11282   ,0.030457  ,0.02891   ,0.12171
0.12312   ,0.020606  ,0.0067    ,0.0063725 ,0.031356  ,0.54056,0.10864   ,0.027232  ,0.02747   ,0.10794
0.1146    ,0.023498  ,0.0087209 ,0.008085  ,0.030326  ,0.55008,0.10134   ,0.024861  ,0.026148  ,0.11234
0.13786   ,0.018605  ,0.0068229 ,0.0091859 ,0.019853  ,0.53969,0.10139   ,0.024296  ,0.028673  ,0.11363
0.13844   ,0.02094   ,0.010307  ,0.0079459 ,0.033119  ,0.53821,0.10053   ,0.025368  ,0.02755   ,0.097598
0.13577   ,0.023017  ,0.0083978 ,0.0076725 ,0.018005  ,0.56831,0.099984  ,0.022357  ,0.025887  ,0.090603
0.15774   ,0.030606  ,0.0095701 ,0.0086881 ,0.019084  ,0.5099 ,0.10827   ,0.028654  ,0.031882  ,0.095607
0.15981   ,0.023763  ,0.0073934 ,0.0075913 ,0.020291  ,0.53276,0.10356   ,0.02862   ,0.026641  ,0.089566
0.14317   ,0.027214  ,0.0040557 ,0.0062305 ,0.014322  ,0.53336,0.11456   ,0.033641  ,0.032093  ,0.091362
0.12562   ,0         ,0         ,0         ,0         ,0.48888,0.085125  ,0.039625  ,0.035375  ,0.22537
0.15067   ,0         ,0         ,0         ,0         ,0.39366,0.09246   ,0.045215  ,0.043455  ,0.27454
0.14275   ,0         ,0         ,0         ,0         ,0.41859,0.086241  ,0.042682  ,0.042901  ,0.26684
0.17304   ,0         ,0         ,0         ,0         ,0.34919,0.091085  ,0.046939  ,0.045435  ,0.29431
0.17735   ,0         ,0         ,0         ,0         ,0.32593,0.086561  ,0.048677  ,0.047937  ,0.31354
0.16811   ,0         ,0         ,0         ,0         ,0.45814,0.077503  ,0.034982  ,0.03469   ,0.22658
0.18414   ,0         ,0         ,0         ,0         ,0.47087,0.073697  ,0.03217   ,0.035448  ,0.20367
0.15591   ,0.0014907 ,0         ,0         ,0         ,0.55382,0.069343  ,0.026473  ,0.028632  ,0.16434
0.17591   ,0.0015582 ,0         ,0         ,0.00038956,0.49324,0.078691  ,0.029217  ,0.033224  ,0.18777
0.1612    ,0.0018265 ,0.00032784,9.3668e-05,0.00051517,0.53943,0.075684  ,0.023558  ,0.02974   ,0.16762
0.17752   ,0.0019481 ,0.0001998 ,0.00024975,0.0001998 ,0.4953 ,0.088811  ,0.028571  ,0.030669  ,0.17652
0.152     ,0.00098725,4.1135e-05,0.00024681,0.00032908,0.55866,0.097326  ,0.026532  ,0.025792  ,0.13809
0.14722   ,0.0024128 ,3.8917e-05,7.7833e-05,0.00015567,0.57943,0.095462  ,0.024946  ,0.026035  ,0.12422
0.13626   ,0.0024721 ,0         ,0         ,0         ,0.60236,0.098084  ,0.025484  ,0.024212  ,0.11114
0.14734   ,0.0030475 ,0.00017718,0         ,0         ,0.58186,0.10117   ,0.030191  ,0.027356  ,0.10886
0.15664   ,0.001938  ,0.000204  ,0.00064599,0.00374   ,0.58055,0.099007  ,0.027336  ,0.02771   ,0.10224
0.1271    ,0.0012859 ,0.00017536,0.00020458,0.0010814 ,0.60399,0.094313  ,0.027473  ,0.030249  ,0.11413
0.12141   ,0.00011275,0         ,0         ,5.6376e-05,0.59663,0.10466   ,0.026722  ,0.031824  ,0.11859
0.12037   ,0         ,0         ,0         ,0         ,0.59737,0.10146   ,0.029008  ,0.029898  ,0.1219
0.12906   ,0         ,0         ,0         ,0         ,0.61429,0.082686  ,0.026398  ,0.029607  ,0.11796
0.11321   ,0         ,0         ,0         ,0         ,0.6369 ,0.077898  ,0.023736  ,0.029793  ,0.11847
0.10731   ,0         ,0         ,0         ,0         ,0.64004,0.077853  ,0.027378  ,0.028284  ,0.11913
0.099994  ,2.1476e-05,0         ,0         ,0         ,0.63956,0.082297  ,0.030496  ,0.033589  ,0.11404
0.10333   ,0         ,0         ,0         ,0         ,0.63294,0.086978  ,0.030169  ,0.035925  ,0.11066
0.090765  ,9.3054e-05,0         ,0         ,0.00057694,0.65856,0.090021  ,0.028549  ,0.034132  ,0.097298
0.083633  ,0.00016342,0         ,0         ,3.6315e-05,0.66044,0.09017   ,0.029724  ,0.036642  ,0.099194
0.074894  ,0         ,0         ,0         ,0         ,0.68836,0.083439  ,0.026549  ,0.031121  ,0.095641
0.072816  ,0.00016235,0         ,0         ,0         ,0.70198,0.074991  ,0.025571  ,0.030766  ,0.09371
0.08446   ,0.00021378,0         ,0         ,0         ,0.66882,0.092655  ,0.02772   ,0.031372  ,0.094757
0.076407  ,0         ,0         ,0         ,0         ,0.6982 ,0.086099  ,0.027052  ,0.030097  ,0.082146
0.062296  ,0         ,0         ,0         ,0.00018639,0.72652,0.08545   ,0.028144  ,0.026653  ,0.070755
0.065136  ,0         ,0         ,0         ,0         ,0.70524,0.089046  ,0.031058  ,0.028638  ,0.080886
0.057077  ,2.8973e-05,1.4486e-05,1.4486e-05,0.00013038,0.72942,0.080733  ,0.027452  ,0.026988  ,0.07814
0.040567  ,0         ,0         ,0         ,0         ,0.77737,0.071842  ,0.022288  ,0.02174   ,0.066189
0.03955   ,0         ,0         ,0         ,0         ,0.76561,0.077436  ,0.023373  ,0.025649  ,0.068381
0.035662  ,0         ,0         ,0         ,0         ,0.76695,0.078997  ,0.027685  ,0.025503  ,0.065201
0.035231  ,0         ,0         ,0         ,0         ,0.77494,0.075472  ,0.023772  ,0.025165  ,0.065417
0.034383  ,0         ,0         ,0         ,0         ,0.76884,0.078499  ,0.022922  ,0.024994  ,0.070365
0.036426  ,0         ,0         ,0         ,0         ,0.78667,0.063942  ,0.020996  ,0.021994  ,0.06997
0.036585  ,0         ,0         ,0         ,0         ,0.77827,0.064986  ,0.022317  ,0.02308   ,0.074763
0.032951  ,0         ,0         ,0         ,1.0268e-05,0.78929,0.066528  ,0.020023  ,0.021009  ,0.070193
0.037227  ,0         ,0         ,0         ,0         ,0.77551,0.062969  ,0.021096  ,0.02297   ,0.080224
0.032448  ,0         ,0         ,5.1244e-05,0.00055343,0.79429,0.060252  ,0.018304  ,0.020528  ,0.073576
0.031719  ,0         ,0         ,0.00016199,0.00031385,0.79154,0.06281   ,0.019286  ,0.019216  ,0.074949
0.033892  ,0         ,0         ,0         ,0         ,0.79171,0.064148  ,0.017436  ,0.020533  ,0.072283
0.042752  ,0         ,0         ,0         ,0         ,0.76302,0.072834  ,0.018659  ,0.024716  ,0.07802
0.047921  ,0         ,0         ,0         ,0         ,0.75518,0.069818  ,0.022075  ,0.025407  ,0.079599
0.051022  ,0.0017852 ,0.00020083,0.00011157,0.00075869,0.7623 ,0.069298  ,0.018398  ,0.022928  ,0.073203
0.054514  ,0.0026221 ,0.00063458,0.00056274,0.0023467 ,0.74407,0.070546  ,0.019576  ,0.025802  ,0.079322
0.047613  ,0.004297  ,0.00082259,0.0004113 ,0.0056283 ,0.76765,0.061142  ,0.020067  ,0.021571  ,0.070797
0.050182  ,0.0040248 ,0.0016181 ,0.00093196,0.0059912 ,0.76411,0.066415  ,0.018731  ,0.01951   ,0.068483
0.050354  ,0.0047619 ,0.0012718 ,0.00095621,0.008864  ,0.76442,0.068847  ,0.019985  ,0.017776  ,0.062765
0.060267  ,0.006079  ,0.0011645 ,0.00065132,0.0074705 ,0.74614,0.069307  ,0.020487  ,0.020675  ,0.067757
0.064583  ,0.0069942 ,0.0019495 ,0.0021435 ,0.0099508 ,0.74363,0.065424  ,0.01968   ,0.019283  ,0.066357
0.07598   ,0.0059866 ,0.0019825 ,0.0011817 ,0.0097172 ,0.72843,0.065979  ,0.019239  ,0.019981  ,0.071526
0.087057  ,0.0065305 ,0.0025057 ,0.0014699 ,0.010703  ,0.70776,0.067949  ,0.019572  ,0.021604  ,0.074845
0.10288   ,0.007947  ,0.0023403 ,0.0033172 ,0.010816  ,0.68177,0.066069  ,0.021623  ,0.02319   ,0.08004
0.10478   ,0.0074439 ,0.0027652 ,0.0014928 ,0.019537  ,0.67555,0.057127  ,0.017964  ,0.022993  ,0.090349
0.10106   ,0.007686  ,0.0034069 ,0.0020814 ,0.011791  ,0.65617,0.072906  ,0.022186  ,0.028395  ,0.094324
0.092459  ,0.006679  ,0.0025239 ,0.0017441 ,0.013974  ,0.68387,0.068093  ,0.020293  ,0.025085  ,0.085278
0.088032  ,0.0058696 ,0.0021983 ,0.0017367 ,0.012355  ,0.68396,0.074271  ,0.020532  ,0.024116  ,0.086933
0.088741  ,0.007256  ,0.0020371 ,0.0012706 ,0.016644  ,0.68611,0.073368  ,0.023564  ,0.024173  ,0.076833
0.1094    ,0.0063393 ,0.0023872 ,0.0027071 ,0.019703  ,0.6582 ,0.076826  ,0.022936  ,0.025551  ,0.075946
0.10905   ,0.0098609 ,0.0030552 ,0.004275  ,0.023028  ,0.64687,0.079184  ,0.020554  ,0.02484   ,0.079286
0.12993   ,0.0097282 ,0.0030423 ,0.0029101 ,0.01657   ,0.62045,0.074543  ,0.022066  ,0.0269    ,0.093855
0.13083   ,0.010925  ,0.0029313 ,0.0025988 ,0.018154  ,0.59049,0.095847  ,0.021566  ,0.026838  ,0.099825
0.16123   ,0.0076816 ,0.0013832 ,0.00085948,0.0096422 ,0.5758 ,0.095684  ,0.025261  ,0.025516  ,0.096946
0.16404   ,0.0045579 ,0.00095217,0.00060877,0.0027473 ,0.59397,0.081746  ,0.021916  ,0.025755  ,0.10371
0.148     ,0.0029747 ,0.0005396 ,0.00048425,0.0017295 ,0.6222 ,0.07708   ,0.02175   ,0.027243  ,0.097999
0.13864   ,0.002807  ,0.00042571,0.00026607,0.0020887 ,0.62637,0.081604  ,0.021951  ,0.027525  ,0.098326
0.12466   ,0.0029801 ,0.00080577,0.00065229,0.0026603 ,0.652  ,0.08004   ,0.019633  ,0.02347   ,0.093099
0.12137   ,0.0017625 ,0.00063721,0.00078634,0.0030098 ,0.63302,0.086173  ,0.018384  ,0.02016   ,0.1147
0.10348   ,0.0016892 ,0.00043794,0.00073824,0.0031156 ,0.6634 ,0.080856  ,0.018956  ,0.021184  ,0.10614
0.088835  ,0.0013873 ,0.00045841,0.00039809,0.00088063,0.67391,0.080741  ,0.020315  ,0.026708  ,0.10636
0.073854  ,0.0013899 ,0.00081967,0.00021383,0.0014255 ,0.69765,0.080459  ,0.019945  ,0.023925  ,0.10032
0.066641  ,0.00081966,0.00042539,0.00018676,0.0031126 ,0.72358,0.074236  ,0.018375  ,0.019236  ,0.093389
0.055241  ,0.0011167 ,0.00076459,0.00042254,0.0015996 ,0.74566,0.074839  ,0.018632  ,0.019427  ,0.082294
0.048126  ,0.0013173 ,0.0012978 ,0.00054645,0.0028298 ,0.74826,0.078171  ,0.018852  ,0.018365  ,0.082231
0.044695  ,0.0019502 ,0.00077121,0.00071802,0.00242   ,0.77069,0.065322  ,0.020486  ,0.018084  ,0.07486
0.042209  ,0.00091731,7.7519e-05,0.00029716,0.0025711 ,0.72451,0.082016  ,0.024134  ,0.025749  ,0.097519
0.050501  ,0.00028065,6.6036e-05,0.00016509,0.0012712 ,0.65245,0.10333   ,0.02998   ,0.033876  ,0.12808
0.047641  ,0.0013862 ,0.00074542,0.00037925,0.0024978 ,0.70016,0.089398  ,0.027371  ,0.030497  ,0.099925
0.053799  ,0.00048493,0.00036023,0.00066504,0.0020921 ,0.67596,0.099147  ,0.026699  ,0.029511  ,0.11128
0.043476  ,9.3773e-05,0.00014066,0.0002696 ,0.001348  ,0.73093,0.085779  ,0.022599  ,0.025014  ,0.090351
0.050588  ,0.0014355 ,0.001276  ,0.00074433,0.0033362 ,0.70576,0.090583  ,0.022396  ,0.027819  ,0.096059
0.049823  ,0.00090588,0.00046013,0.00012941,0.0021281 ,0.69586,0.092083  ,0.029448  ,0.029793  ,0.099373
0.056428  ,0.0020245 ,0.00070356,0.00073227,0.0030152 ,0.69882,0.098383  ,0.025228  ,0.027683  ,0.086983
0.065498  ,0.0025813 ,0.00084533,0.00054343,0.0033059 ,0.69275,0.094647  ,0.025586  ,0.026628  ,0.087613
0.073872  ,0.0023383 ,0.0011512 ,0.00043169,0.0032556 ,0.64949,0.11026   ,0.031855  ,0.03324   ,0.094107
0.074828  ,0.0025928 ,0.00071013,0.00047893,0.0038975 ,0.67418,0.10409   ,0.029413  ,0.027811  ,0.081996
0.091446  ,0.0020151 ,0.0014592 ,0.0012682 ,0.0042735 ,0.62788,0.12167   ,0.034727  ,0.032955  ,0.082308
0.078812  ,0.002618  ,0.0014786 ,0.0024145 ,0.0064162 ,0.68863,0.10191   ,0.029327  ,0.02481   ,0.063578
0.080953  ,0.0041507 ,0.0017648 ,0.002146  ,0.0055061 ,0.69878,0.093307  ,0.027446  ,0.025681  ,0.06027
0.10036   ,0.0037122 ,0.0015841 ,0.0013761 ,0.0057124 ,0.65927,0.1018    ,0.030434  ,0.024402  ,0.071349
0.079943  ,0.0032207 ,0.0013871 ,0.0010045 ,0.0025351 ,0.70867,0.090019  ,0.027376  ,0.0272    ,0.058642
0.090286  ,0.0024971 ,0.0012404 ,0.0010608 ,0.0027582 ,0.69575,0.088344  ,0.027974  ,0.025852  ,0.064238
0.073431  ,0.0025691 ,0.001561  ,0.0014472 ,0.003122  ,0.72937,0.07878   ,0.025626  ,0.025138  ,0.058959
0.078596  ,0.001388  ,0.00064669,0.0015457 ,0.0033281 ,0.72091,0.082003  ,0.025379  ,0.024385  ,0.061814
0.064429  ,0.0016323 ,0.00098879,0.0006592 ,0.0035157 ,0.74351,0.079056  ,0.023794  ,0.023496  ,0.05892
0.046056  ,0.0014055 ,0.00069536,0.00050303,0.0027075 ,0.79246,0.059268  ,0.021601  ,0.021911  ,0.053395
0.057973  ,0.00087105,0.00035487,0.00033874,0.0025002 ,0.76033,0.079459  ,0.023341  ,0.01976   ,0.05507
0.054854  ,0.0010752 ,0.00041216,0.00016128,0.0017741 ,0.74876,0.086322  ,0.025106  ,0.021916  ,0.05962
0.043513  ,0.0011193 ,0.00027983,0.00013991,0.0012068 ,0.77276,0.077285  ,0.024223  ,0.02382   ,0.055651
0.047881  ,0.00058678,0.00031854,0.00075443,0.0025148 ,0.76311,0.077538  ,0.024041  ,0.023672  ,0.059583
0.03125   ,0.00019955,3.9911e-05,3.9911e-05,0.0016563 ,0.7576 ,0.088821  ,0.026441  ,0.025104  ,0.068846
0.045108  ,0.001578  ,0.00020721,0.00023909,0.0019127 ,0.7563 ,0.086423  ,0.022506  ,0.020737  ,0.064985
0.044792  ,0.0017555 ,0.0007093 ,0.00019506,0.0013831 ,0.74309,0.087899  ,0.023389  ,0.028496  ,0.068287
0.03968   ,0.0022705 ,0.00058536,0.000745  ,0.0031928 ,0.74459,0.089329  ,0.029073  ,0.02792   ,0.062615
0.024194  ,2.1001e-05,0.00033602,0.00033602,0.0026882 ,0.75897,0.10049   ,0.030074  ,0.027197  ,0.055696
0.03508   ,0.0009274 ,0.00052418,0.00066531,0.0034677 ,0.76523,0.088506  ,0.027721  ,0.02379   ,0.054092
0.025593  ,0.001079  ,0.0010358 ,0.00077685,0.0097538 ,0.73   ,0.11333   ,0.023608  ,0.023154  ,0.071664
0.074092  ,0.014977  ,0.0058382 ,0.0060435 ,0.039048  ,0.74306,0.060861  ,0.010694  ,0.0082145 ,0.037171
0.10475   ,0.0079107 ,0.0031579 ,0.0038437 ,0.037767  ,0.71909,0.071053  ,0.0097927 ,0.010654  ,0.031978
0.14212   ,0.0079053 ,0.0046444 ,0.014106  ,0.050742  ,0.63794,0.09516   ,0.014798  ,0.011216  ,0.021369
0.11619   ,0.013062  ,0.0075401 ,0.0091431 ,0.041005  ,0.68735,0.078488  ,0.010904  ,0.010588  ,0.025727
0.11704   ,0.010313  ,0.0048328 ,0.0042868 ,0.048126  ,0.69301,0.072107  ,0.011162  ,0.011607  ,0.027521
0.11932   ,0.0052267 ,0.0035148 ,0.007485  ,0.034893  ,0.7108 ,0.069404  ,0.0096522 ,0.011054  ,0.028647
0.12358   ,0.0080927 ,0.0059151 ,0.0043552 ,0.032031  ,0.69968,0.062857  ,0.011583  ,0.01339   ,0.038517
0.1125    ,0.010825  ,0.0018015 ,0.0024566 ,0.029741  ,0.73664,0.060956  ,0.012234  ,0.0099083 ,0.022945
0.09125   ,0.011115  ,0.0054395 ,0.0039679 ,0.037117  ,0.74185,0.06283   ,0.012298  ,0.0097359 ,0.024399
0.072912  ,0.010123  ,0.0043921 ,0.0048989 ,0.034188  ,0.76761,0.061087  ,0.011539  ,0.011734  ,0.021519
0.066104  ,0.014972  ,0.0048747 ,0.0042685 ,0.034471  ,0.77406,0.05335   ,0.011116  ,0.010729  ,0.02605
0.081562  ,0.011775  ,0.0025472 ,0.0025304 ,0.046964  ,0.7331 ,0.065587  ,0.01304   ,0.0096154 ,0.033283
0.064926  ,0.011558  ,0.0051717 ,0.0054583 ,0.029789  ,0.78127,0.052891  ,0.011585  ,0.011449  ,0.0259
0.042059  ,0.015148  ,0.0058812 ,0.0058273 ,0.030229  ,0.79107,0.064383  ,0.010913  ,0.013152  ,0.02134
0.056342  ,0.012354  ,0.0060065 ,0.003773  ,0.031685  ,0.77331,0.056885  ,0.011369  ,0.013931  ,0.034348
0.058158  ,0.01689   ,0.0039554 ,0.0031643 ,0.026673  ,0.7838 ,0.050537  ,0.011616  ,0.012051  ,0.03316
0.056534  ,0.011791  ,0.0025697 ,0.0016078 ,0.030205  ,0.78251,0.054789  ,0.011076  ,0.014896  ,0.034025
0.062055  ,0.013621  ,0.0048914 ,0.0025856 ,0.033747  ,0.76004,0.059443  ,0.010796  ,0.014421  ,0.038398
0.053716  ,0.0073617 ,0.0036736 ,0.005062  ,0.034465  ,0.78773,0.052935  ,0.01348   ,0.012322  ,0.029259
0.054601  ,0.010209  ,0.0041617 ,0.0038812 ,0.028384  ,0.79539,0.057017  ,0.012298  ,0.012251  ,0.021806
0.061875  ,0.0096781 ,0.003371  ,0.001771  ,0.021236  ,0.78595,0.050395  ,0.012832  ,0.01235   ,0.040546
0.048628  ,0.0092892 ,0.002639  ,0.002727  ,0.033937  ,0.81089,0.046622  ,0.013072  ,0.013881  ,0.018315
0.087119  ,0.011799  ,0.0023126 ,0.0024139 ,0.045914  ,0.72867,0.068787  ,0.010719  ,0.010364  ,0.031904
0.042055  ,0.014045  ,0.0035063 ,0.0032242 ,0.035224  ,0.80056,0.046207  ,0.012655  ,0.014569  ,0.02795
0.065643  ,0.013567  ,0.0048299 ,0.0027691 ,0.023613  ,0.78749,0.050553  ,0.013781  ,0.011635  ,0.026124
0.065462  ,0.014467  ,0.0043641 ,0.0025094 ,0.02457   ,0.77455,0.055992  ,0.014947  ,0.012351  ,0.030789
0.063663  ,0.0082054 ,0.0044437 ,0.0024198 ,0.029456  ,0.78833,0.059901  ,0.012693  ,0.010735  ,0.02015
0.034441  ,0.013905  ,0.0051769 ,0.003273  ,0.04056   ,0.81926,0.051405  ,0.016066  ,0.0093056 ,0.0066102
0.039868  ,0.012614  ,0.0035773 ,0.0028536 ,0.03567   ,0.83482,0.044396  ,0.011828  ,0.0056658 ,0.0087055
0.033488  ,0.0095531 ,0.0029893 ,0.0014006 ,0.040052  ,0.84109,0.046825  ,0.01202   ,0.0037418 ,0.0088423
0.028784  ,0.01011   ,0.0046425 ,0.0036728 ,0.037058  ,0.83518,0.054926  ,0.011761  ,0.0050346 ,0.0088311
0.024322  ,0.006776  ,0.0022168 ,0.0020914 ,0.04373   ,0.82943,0.070813  ,0.009432  ,0.0036808 ,0.0075079
0.024426  ,0.0076287 ,0.0038373 ,0.0028033 ,0.033961  ,0.85554,0.055699  ,0.0041131 ,0.0053309 ,0.0066636
0.08581   ,0.0053894 ,0.0057477 ,0.0038162 ,0.041667  ,0.74975,0.062103  ,0.0090187 ,0.0078349 ,0.028863
0.021083  ,0.0094641 ,0.0043544 ,0.0013996 ,0.026193  ,0.87421,0.053852  ,0.0031769 ,0.0037101 ,0.0025549
0.024472  ,0.0062252 ,0.0021653 ,0.0019623 ,0.029931  ,0.86359,0.061011  ,0.0033381 ,0.0036765 ,0.0036314
0.019866  ,0.0047651 ,0.0032478 ,0.0019203 ,0.03134   ,0.88083,0.047058  ,0.0028448 ,0.003959  ,0.0041724
0.017772  ,0.0062369 ,0.003588  ,0.0030823 ,0.028704  ,0.88487,0.047511  ,0.0022154 ,0.0031787 ,0.0028415
0.029978  ,0.0042782 ,0.0044616 ,0.0031781 ,0.028389  ,0.87278,0.046907  ,0.0034531 ,0.004156  ,0.0024141
0.10818   ,0.033229  ,0.012272  ,0.0046257 ,0.09308   ,0.68328,0.040593  ,0.0092514 ,0.011895  ,0.0035873
0.061404  ,0.039513  ,0.011445  ,0.0083568 ,0.12726   ,0.65855,0.054864  ,0.011082  ,0.01853   ,0.0089926
0.083     ,0.023796  ,0.030078  ,0.0068532 ,0.15258   ,0.58719,0.060061  ,0.016752  ,0.034932  ,0.0047592
0.027423  ,0.05668   ,0.023198  ,0.0055804 ,0.16087   ,0.6136 ,0.055883  ,0.023597  ,0.028699  ,0.0044643
0.019012  ,0.010451  ,0.0033756 ,0.0016743 ,0.030651  ,0.89779,0.031785  ,0.0010802 ,0.0027545 ,0.0014313
0.033888  ,0.03594   ,0.038295  ,0.015348  ,0.19041   ,0.54145,0.058278  ,0.026974  ,0.038295  ,0.021123
0.12761   ,0.018923  ,0.019596  ,0.0090236 ,0.12404   ,0.54   ,0.081616  ,0.027273  ,0.044108  ,0.0078114
0.047226  ,0.037169  ,0.017554  ,0.013368  ,0.19072   ,0.55903,0.073838  ,0.030735  ,0.025362  ,0.0049975
0.057562  ,0.015857  ,0.016997  ,0.0081998 ,0.16324   ,0.59696,0.084876  ,0.035406  ,0.018626  ,0.0022807
0.028553  ,0.021225  ,0.013896  ,0.0077082 ,0.16974   ,0.60384,0.095104  ,0.029693  ,0.022636  ,0.0075996
0.025817  ,0.038894  ,0.012885  ,0.0070192 ,0.15774   ,0.61048,0.08875   ,0.028654  ,0.019567  ,0.010192
0.064388  ,0.022759  ,0.02622   ,0.011332  ,0.11578   ,0.60438,0.090607  ,0.026741  ,0.024797  ,0.012991
